#Number of Vortices: 1080
#time frame: 2000000
#id type x y fx fy radius speed
0 2 41.356931 35.494788 -0.000000 -0.000000 0.500000 0.000000
1 1 21.467777 37.207265 -0.000000 0.000000 0.700000 0.000000
2 2 7.502582 40.302827 -0.000000 0.000000 0.500000 0.000000
3 1 0.541911 21.516329 -0.000000 0.000000 0.700000 0.000000
4 2 8.968149 38.461774 0.000000 0.000000 0.500000 0.000000
5 1 24.395628 5.240151 -0.000000 0.000000 0.700000 0.000000
6 2 34.578840 55.872754 0.000000 -0.000000 0.500000 0.000000
7 1 9.463663 3.318013 -0.000000 -0.000000 0.700000 0.000000
8 2 4.188908 22.625610 0.000000 -0.000000 0.500000 0.000000
9 1 49.585870 11.919097 0.000000 0.000000 0.700000 0.000000
10 2 17.513898 47.867473 -0.000000 -0.000000 0.500000 0.000000
11 1 25.588146 12.895435 -0.000000 0.000000 0.700000 0.000000
12 2 17.256913 46.901532 0.000000 -0.000000 0.500000 0.000000
13 1 29.914775 5.769539 -0.000000 0.000000 0.700000 0.000000
14 2 58.263267 17.496979 -0.000000 0.000000 0.500000 0.000000
15 1 52.247058 22.612992 -0.000000 -0.000000 0.700000 0.000000
16 2 1.344578 55.998121 0.000000 -0.000000 0.500000 0.000000
17 1 56.180904 32.708728 0.000000 0.000000 0.700000 0.000000
18 2 52.216257 21.416203 0.000000 -0.000000 0.500000 0.000000
19 1 19.498704 47.516645 -0.000000 0.000000 0.700000 0.000000
20 2 47.549356 42.055223 -0.000000 0.000000 0.500000 0.000000
21 1 49.327854 8.728018 0.000000 -0.000000 0.700000 0.000000
22 2 6.571016 54.276115 -0.000000 0.000000 0.500000 0.000000
23 1 8.410020 35.346553 0.000000 0.000000 0.700000 0.000000
24 2 42.153040 34.893250 -0.000000 0.000000 0.500000 0.000000
25 1 52.588985 5.184762 0.000000 0.000000 0.700000 0.000000
26 2 51.821604 54.800196 0.000000 0.000000 0.500000 0.000000
27 1 13.212344 53.643518 0.000000 -0.000000 0.700000 0.000000
28 2 37.403124 1.486508 -0.000000 0.000000 0.500000 0.000000
29 1 28.674890 42.666210 -0.000000 0.000000 0.700000 0.000000
30 2 21.540991 41.762303 0.000000 0.000000 0.500000 0.000000
31 1 10.330811 28.550206 0.000000 -0.000000 0.700000 0.000000
32 2 34.980665 54.583827 0.000000 -0.000000 0.500000 0.000000
33 1 25.868067 34.663404 -0.000000 -0.000000 0.700000 0.000000
34 2 3.044365 34.193613 0.000000 0.000000 0.500000 0.000000
35 1 44.607620 50.593454 -0.000000 -0.000000 0.700000 0.000000
36 2 15.678948 56.227528 -0.000000 0.000000 0.500000 0.000000
37 1 54.962201 59.107681 -0.000000 0.000000 0.700000 0.000000
38 2 42.491056 41.277306 -0.000000 -0.000000 0.500000 0.000000
39 1 8.329337 37.223366 0.000000 0.000000 0.700000 0.000000
40 2 42.294685 56.677571 0.000000 0.000000 0.500000 0.000000
41 1 57.407263 11.185215 -0.000000 0.000000 0.700000 0.000000
42 2 10.176719 38.553390 0.000000 -0.000000 0.500000 0.000000
43 1 2.332099 14.567866 -0.000000 0.000000 0.700000 0.000000
44 2 52.986844 23.556154 -0.000000 -0.000000 0.500000 0.000000
45 1 2.852292 41.641657 0.000000 0.000000 0.700000 0.000000
46 2 49.954472 36.489270 0.000000 -0.000000 0.500000 0.000000
47 1 14.285358 24.292321 -0.000000 0.000000 0.700000 0.000000
48 2 7.094441 33.374532 -0.000000 -0.000000 0.500000 0.000000
49 1 29.501474 36.925828 -0.000000 0.000000 0.700000 0.000000
50 2 37.176562 49.190508 -0.000000 0.000000 0.500000 0.000000
51 1 24.029192 54.605080 -0.000000 0.000000 0.700000 0.000000
52 2 3.837799 19.355149 -0.000000 0.000000 0.500000 0.000000
53 1 46.621895 48.017989 -0.000000 -0.000000 0.700000 0.000000
54 2 54.657180 53.415366 0.000000 0.000000 0.500000 0.000000
55 1 55.575833 21.241540 0.000000 0.000000 0.700000 0.000000
56 2 9.411194 0.744602 0.000000 -0.000000 0.500000 0.000000
57 1 56.730746 31.001884 -0.000000 -0.000000 0.700000 0.000000
58 2 27.281519 3.770384 0.000000 -0.000000 0.500000 0.000000
59 1 24.520128 24.484033 0.000000 0.000000 0.700000 0.000000
60 2 39.397132 45.406932 -0.000000 0.000000 0.500000 0.000000
61 1 21.244734 33.785320 0.000000 0.000000 0.700000 0.000000
62 2 6.481026 48.904279 0.000000 0.000000 0.500000 0.000000
63 1 58.805287 5.963390 0.000000 -0.000000 0.700000 0.000000
64 2 18.203729 33.441443 0.000000 -0.000000 0.500000 0.000000
65 1 30.526703 22.711115 0.000000 -0.000000 0.700000 0.000000
66 2 50.408811 6.012044 0.000000 -0.000000 0.500000 0.000000
67 1 4.489572 4.956112 0.000000 -0.000000 0.700000 0.000000
68 2 18.546065 13.882523 -0.000000 -0.000000 0.500000 0.000000
69 1 10.141373 42.755268 0.000000 0.000000 0.700000 0.000000
70 2 9.418174 33.051589 0.000000 -0.000000 0.500000 0.000000
71 1 46.793527 17.971787 -0.000000 -0.000000 0.700000 0.000000
72 2 20.602572 40.437064 0.000000 -0.000000 0.500000 0.000000
73 1 22.260304 47.022316 0.000000 0.000000 0.700000 0.000000
74 2 0.763711 58.110803 0.000000 -0.000000 0.500000 0.000000
75 1 37.465041 57.134664 0.000000 0.000000 0.700000 0.000000
76 2 51.865060 34.103216 0.000000 0.000000 0.500000 0.000000
77 1 39.158763 10.765343 0.000000 -0.000000 0.700000 0.000000
78 2 48.221134 30.963025 0.000000 -0.000000 0.500000 0.000000
79 1 6.195138 6.686261 -0.000000 -0.000000 0.700000 0.000000
80 2 27.454410 5.675444 -0.000000 -0.000000 0.500000 0.000000
81 1 57.939877 31.984592 -0.000000 0.000000 0.700000 0.000000
82 2 15.771307 43.059586 0.000000 -0.000000 0.500000 0.000000
83 1 23.142245 10.540541 -0.000000 -0.000000 0.700000 0.000000
84 2 5.090619 38.970971 0.000000 0.000000 0.500000 0.000000
85 1 4.995497 0.237697 0.000000 0.000000 0.700000 0.000000
86 2 5.723538 46.553051 0.000000 -0.000000 0.500000 0.000000
87 1 1.895126 8.052369 -0.000000 0.000000 0.700000 0.000000
88 2 49.774575 5.239622 0.000000 -0.000000 0.500000 0.000000
89 1 51.286131 9.385856 -0.000000 0.000000 0.700000 0.000000
90 2 19.783016 3.339259 0.000000 -0.000000 0.500000 0.000000
91 1 53.836828 19.886675 0.000000 0.000000 0.700000 0.000000
92 2 53.032542 55.998956 0.000000 -0.000000 0.500000 0.000000
93 1 9.600643 56.648272 -0.000000 0.000000 0.700000 0.000000
94 2 19.864094 16.472219 -0.000000 0.000000 0.500000 0.000000
95 1 8.586268 19.421591 0.000000 0.000000 0.700000 0.000000
96 2 54.325919 18.745131 -0.000000 -0.000000 0.500000 0.000000
97 1 6.921127 46.584247 0.000000 -0.000000 0.700000 0.000000
98 2 7.599083 29.575328 0.000000 -0.000000 0.500000 0.000000
99 1 16.276584 31.188193 -0.000000 -0.000000 0.700000 0.000000
100 2 10.681382 49.307466 0.000000 -0.000000 0.500000 0.000000
101 1 49.765543 59.919867 0.000000 -0.000000 0.700000 0.000000
102 2 39.196167 5.039274 -0.000000 -0.000000 0.500000 0.000000
103 1 51.921242 3.955257 0.000000 0.000000 0.700000 0.000000
104 2 7.480468 48.924997 0.000000 -0.000000 0.500000 0.000000
105 1 23.741582 41.237611 -0.000000 0.000000 0.700000 0.000000
106 2 33.819622 18.948735 0.000000 -0.000000 0.500000 0.000000
107 1 50.580895 15.694566 0.000000 -0.000000 0.700000 0.000000
108 2 25.375602 4.009009 0.000000 0.000000 0.500000 0.000000
109 1 27.340676 24.316788 -0.000000 -0.000000 0.700000 0.000000
110 2 43.922623 21.186857 -0.000000 -0.000000 0.500000 0.000000
111 1 48.456519 40.976364 -0.000000 -0.000000 0.700000 0.000000
112 2 13.094057 8.800991 0.000000 0.000000 0.500000 0.000000
113 1 50.961479 12.155339 0.000000 -0.000000 0.700000 0.000000
114 2 9.091946 46.364954 0.000000 0.000000 0.500000 0.000000
115 1 21.475170 5.000682 -0.000000 0.000000 0.700000 0.000000
116 2 34.997432 8.200897 0.000000 -0.000000 0.500000 0.000000
117 1 6.463123 29.955915 0.000000 0.000000 0.700000 0.000000
118 2 22.450645 26.302957 -0.000000 0.000000 0.500000 0.000000
119 1 5.677025 55.909255 0.000000 -0.000000 0.700000 0.000000
120 2 36.793921 59.039183 0.000000 -0.000000 0.500000 0.000000
121 1 4.634807 9.562011 -0.000000 -0.000000 0.700000 0.000000
122 2 29.356873 8.311588 0.000000 -0.000000 0.500000 0.000000
123 1 6.614046 26.353734 0.000000 0.000000 0.700000 0.000000
124 2 5.800561 10.588755 -0.000000 -0.000000 0.500000 0.000000
125 1 55.001153 38.628121 0.000000 0.000000 0.700000 0.000000
126 2 18.695710 11.201639 0.000000 0.000000 0.500000 0.000000
127 1 26.619557 0.411653 0.000000 0.000000 0.700000 0.000000
128 2 46.810637 1.212610 0.000000 0.000000 0.500000 0.000000
129 1 40.599152 55.018761 0.000000 0.000000 0.700000 0.000000
130 2 35.656770 26.387222 0.000000 0.000000 0.500000 0.000000
131 1 36.397307 14.123857 0.000000 -0.000000 0.700000 0.000000
132 2 47.230203 56.880366 0.000000 -0.000000 0.500000 0.000000
133 1 3.728168 3.782371 -0.000000 0.000000 0.700000 0.000000
134 2 5.272476 43.997901 0.000000 -0.000000 0.500000 0.000000
135 1 14.185274 17.009753 0.000000 0.000000 0.700000 0.000000
136 2 14.100305 32.333008 0.000000 0.000000 0.500000 0.000000
137 1 38.106531 26.159176 0.000000 -0.000000 0.700000 0.000000
138 2 29.992150 15.201101 0.000000 -0.000000 0.500000 0.000000
139 1 29.606443 28.687894 0.000000 0.000000 0.700000 0.000000
140 2 24.770941 39.085254 0.000000 0.000000 0.500000 0.000000
141 1 32.293573 13.014702 0.000000 -0.000000 0.700000 0.000000
142 2 37.965693 10.888096 0.000000 0.000000 0.500000 0.000000
143 1 51.597791 6.169764 -0.000000 0.000000 0.700000 0.000000
144 2 28.775761 57.948993 0.000000 -0.000000 0.500000 0.000000
145 1 50.752443 31.150453 -0.000000 -0.000000 0.700000 0.000000
146 2 2.978385 27.999822 0.000000 0.000000 0.500000 0.000000
147 1 1.888821 15.893875 0.000000 0.000000 0.700000 0.000000
148 2 59.232131 22.020947 -0.000000 -0.000000 0.500000 0.000000
149 1 18.668510 51.840745 0.000000 0.000000 0.700000 0.000000
150 2 51.150567 38.597535 0.000000 -0.000000 0.500000 0.000000
151 1 6.540007 20.302556 0.000000 -0.000000 0.700000 0.000000
152 2 30.108815 1.788842 0.000000 0.000000 0.500000 0.000000
153 1 34.465397 13.947020 0.000000 -0.000000 0.700000 0.000000
154 2 29.557330 51.704215 0.000000 0.000000 0.500000 0.000000
155 1 17.725368 24.893481 -0.000000 -0.000000 0.700000 0.000000
156 2 47.151702 21.105196 -0.000000 0.000000 0.500000 0.000000
157 1 7.448719 11.456727 0.000000 -0.000000 0.700000 0.000000
158 2 7.739818 30.679471 -0.000000 0.000000 0.500000 0.000000
159 1 46.553428 36.811101 0.000000 0.000000 0.700000 0.000000
160 2 59.031600 51.940057 0.000000 0.000000 0.500000 0.000000
161 1 38.862340 57.177013 0.000000 0.000000 0.700000 0.000000
162 2 35.193355 2.527508 0.000000 -0.000000 0.500000 0.000000
163 1 28.840947 29.857995 -0.000000 -0.000000 0.700000 0.000000
164 2 54.163983 45.120176 0.000000 -0.000000 0.500000 0.000000
165 1 27.074684 35.363643 -0.000000 -0.000000 0.700000 0.000000
166 2 29.468833 35.726858 0.000000 0.000000 0.500000 0.000000
167 1 8.271936 14.355623 0.000000 0.000000 0.700000 0.000000
168 2 45.122509 12.681444 -0.000000 0.000000 0.500000 0.000000
169 1 53.655821 38.991139 -0.000000 -0.000000 0.700000 0.000000
170 2 31.494762 29.754055 -0.000000 0.000000 0.500000 0.000000
171 1 7.285821 39.126416 0.000000 -0.000000 0.700000 0.000000
172 2 18.458055 19.267658 0.000000 0.000000 0.500000 0.000000
173 1 12.760484 51.769188 0.000000 0.000000 0.700000 0.000000
174 2 44.241617 25.113471 0.000000 0.000000 0.500000 0.000000
175 1 12.730458 2.436944 0.000000 0.000000 0.700000 0.000000
176 2 45.677599 19.197912 0.000000 -0.000000 0.500000 0.000000
177 1 34.772087 4.721623 -0.000000 0.000000 0.700000 0.000000
178 2 23.082590 19.120401 0.000000 0.000000 0.500000 0.000000
179 1 24.854384 28.664620 -0.000000 -0.000000 0.700000 0.000000
180 2 0.471950 48.252142 -0.000000 0.000000 0.500000 0.000000
181 1 46.825145 44.449830 -0.000000 0.000000 0.700000 0.000000
182 2 21.767255 24.665602 0.000000 -0.000000 0.500000 0.000000
183 1 54.234274 54.953563 -0.000000 -0.000000 0.700000 0.000000
184 2 11.277900 6.651555 -0.000000 0.000000 0.500000 0.000000
185 1 46.253440 57.574665 -0.000000 -0.000000 0.700000 0.000000
186 2 55.903268 59.845382 -0.000000 -0.000000 0.500000 0.000000
187 1 8.733011 10.264492 0.000000 -0.000000 0.700000 0.000000
188 2 16.129662 57.967274 0.000000 0.000000 0.500000 0.000000
189 1 5.147646 20.429538 0.000000 -0.000000 0.700000 0.000000
190 2 58.767926 56.620510 0.000000 0.000000 0.500000 0.000000
191 1 37.333992 13.086244 0.000000 0.000000 0.700000 0.000000
192 2 32.128198 53.922140 0.000000 0.000000 0.500000 0.000000
193 1 18.528467 53.231791 -0.000000 0.000000 0.700000 0.000000
194 2 53.416541 22.367036 -0.000000 0.000000 0.500000 0.000000
195 1 32.894487 36.595487 0.000000 -0.000000 0.700000 0.000000
196 2 40.674984 53.387624 -0.000000 -0.000000 0.500000 0.000000
197 1 50.675163 3.319546 0.000000 0.000000 0.700000 0.000000
198 2 23.501522 17.597745 0.000000 -0.000000 0.500000 0.000000
199 1 26.649114 4.789552 0.000000 -0.000000 0.700000 0.000000
200 2 24.306988 52.096826 -0.000000 -0.000000 0.500000 0.000000
201 1 53.339995 10.566627 0.000000 -0.000000 0.700000 0.000000
202 2 59.629899 1.536015 -0.000000 0.000000 0.500000 0.000000
203 1 42.293609 17.579697 0.000000 0.000000 0.700000 0.000000
204 2 22.703032 18.196573 0.000000 0.000000 0.500000 0.000000
205 1 46.535614 35.088993 -0.000000 -0.000000 0.700000 0.000000
206 2 11.375547 56.857685 0.000000 0.000000 0.500000 0.000000
207 1 59.552954 30.393464 -0.000000 0.000000 0.700000 0.000000
208 2 1.386687 49.280066 0.000000 -0.000000 0.500000 0.000000
209 1 3.222549 13.115913 0.000000 0.000000 0.700000 0.000000
210 2 7.368229 21.168178 0.000000 0.000000 0.500000 0.000000
211 1 8.046703 7.038195 0.000000 -0.000000 0.700000 0.000000
212 2 13.101761 27.767977 -0.000000 -0.000000 0.500000 0.000000
213 1 23.333822 28.613281 -0.000000 0.000000 0.700000 0.000000
214 2 0.022421 33.245653 -0.000000 -0.000000 0.500000 0.000000
215 1 54.216968 33.762353 0.000000 0.000000 0.700000 0.000000
216 2 52.951941 3.358562 0.000000 -0.000000 0.500000 0.000000
217 1 36.711713 10.887838 0.000000 0.000000 0.700000 0.000000
218 2 46.851137 39.477428 0.000000 -0.000000 0.500000 0.000000
219 1 13.315643 42.402077 0.000000 0.000000 0.700000 0.000000
220 2 55.337557 27.426109 0.000000 0.000000 0.500000 0.000000
221 1 57.504254 1.845015 -0.000000 -0.000000 0.700000 0.000000
222 2 29.334097 46.790580 -0.000000 -0.000000 0.500000 0.000000
223 1 34.347156 15.537628 0.000000 -0.000000 0.700000 0.000000
224 2 10.158217 45.239860 0.000000 -0.000000 0.500000 0.000000
225 1 39.091863 19.736165 -0.000000 0.000000 0.700000 0.000000
226 2 20.995715 3.754750 0.000000 0.000000 0.500000 0.000000
227 1 22.895484 3.794937 0.000000 0.000000 0.700000 0.000000
228 2 20.496490 21.934466 0.000000 -0.000000 0.500000 0.000000
229 1 32.351724 55.099170 0.000000 0.000000 0.700000 0.000000
230 2 9.572412 59.245509 -0.000000 0.000000 0.500000 0.000000
231 1 47.539232 33.653444 0.000000 0.000000 0.700000 0.000000
232 2 51.515222 7.506157 0.000000 0.000000 0.500000 0.000000
233 1 59.796472 37.408036 0.000000 -0.000000 0.700000 0.000000
234 2 47.616280 26.693852 0.000000 0.000000 0.500000 0.000000
235 1 23.632428 22.569806 0.000000 -0.000000 0.700000 0.000000
236 2 39.493765 13.052866 0.000000 0.000000 0.500000 0.000000
237 1 51.554456 20.374993 0.000000 0.000000 0.700000 0.000000
238 2 1.721331 1.759595 -0.000000 -0.000000 0.500000 0.000000
239 1 43.294311 54.915778 0.000000 0.000000 0.700000 0.000000
240 2 44.486598 10.371467 0.000000 0.000000 0.500000 0.000000
241 1 54.482532 6.727022 0.000000 0.000000 0.700000 0.000000
242 2 57.060750 36.004195 0.000000 0.000000 0.500000 0.000000
243 1 31.231825 1.371520 0.000000 0.000000 0.700000 0.000000
244 2 46.354868 4.565586 0.000000 0.000000 0.500000 0.000000
245 1 40.348792 12.219188 0.000000 -0.000000 0.700000 0.000000
246 2 7.597729 16.594082 -0.000000 0.000000 0.500000 0.000000
247 1 11.833056 42.215009 0.000000 -0.000000 0.700000 0.000000
248 2 47.711615 7.285470 0.000000 0.000000 0.500000 0.000000
249 1 50.329862 39.857456 0.000000 -0.000000 0.700000 0.000000
250 2 41.820348 30.865623 0.000000 0.000000 0.500000 0.000000
251 1 7.253419 34.562436 0.000000 -0.000000 0.700000 0.000000
252 2 31.732071 2.458176 -0.000000 -0.000000 0.500000 0.000000
253 1 49.896558 35.295253 -0.000000 -0.000000 0.700000 0.000000
254 2 50.515817 53.425147 -0.000000 -0.000000 0.500000 0.000000
255 1 22.584205 57.964075 0.000000 -0.000000 0.700000 0.000000
256 2 19.701457 49.711466 -0.000000 -0.000000 0.500000 0.000000
257 1 35.090694 47.219087 -0.000000 0.000000 0.700000 0.000000
258 2 11.685013 15.879587 0.000000 0.000000 0.500000 0.000000
259 1 0.248475 52.928198 0.000000 -0.000000 0.700000 0.000000
260 2 11.059154 46.088387 -0.000000 -0.000000 0.500000 0.000000
261 1 58.418079 21.140116 0.000000 -0.000000 0.700000 0.000000
262 2 17.131875 22.248272 -0.000000 -0.000000 0.500000 0.000000
263 1 44.849307 48.148478 -0.000000 0.000000 0.700000 0.000000
264 2 41.811803 3.549733 0.000000 0.000000 0.500000 0.000000
265 1 38.312470 12.090662 0.000000 -0.000000 0.700000 0.000000
266 2 5.807704 24.488246 -0.000000 -0.000000 0.500000 0.000000
267 1 29.255372 44.419590 0.000000 0.000000 0.700000 0.000000
268 2 33.192819 46.427066 0.000000 0.000000 0.500000 0.000000
269 1 38.143066 32.200313 0.000000 -0.000000 0.700000 0.000000
270 2 12.424342 37.744957 -0.000000 -0.000000 0.500000 0.000000
271 1 58.476920 9.748623 -0.000000 0.000000 0.700000 0.000000
272 2 22.705401 42.457344 0.000000 0.000000 0.500000 0.000000
273 1 6.732110 31.329178 -0.000000 0.000000 0.700000 0.000000
274 2 43.194336 15.296458 0.000000 0.000000 0.500000 0.000000
275 1 35.756673 56.086020 -0.000000 0.000000 0.700000 0.000000
276 2 36.318433 45.490019 0.000000 -0.000000 0.500000 0.000000
277 1 59.035712 13.534311 0.000000 0.000000 0.700000 0.000000
278 2 48.642215 39.745265 0.000000 0.000000 0.500000 0.000000
279 1 8.055441 45.773817 0.000000 -0.000000 0.700000 0.000000
280 2 7.631615 28.293343 -0.000000 -0.000000 0.500000 0.000000
281 1 12.522925 20.780984 0.000000 -0.000000 0.700000 0.000000
282 2 27.942375 21.396754 -0.000000 -0.000000 0.500000 0.000000
283 1 2.126788 38.955753 0.000000 0.000000 0.700000 0.000000
284 2 9.953883 54.454329 0.000000 0.000000 0.500000 0.000000
285 1 59.354168 10.884373 -0.000000 -0.000000 0.700000 0.000000
286 2 1.521765 37.146111 -0.000000 0.000000 0.500000 0.000000
287 1 58.184352 54.882784 0.000000 0.000000 0.700000 0.000000
288 2 1.930232 6.779311 -0.000000 0.000000 0.500000 0.000000
289 1 32.631637 42.450781 0.000000 -0.000000 0.700000 0.000000
290 2 32.941891 25.026530 0.000000 0.000000 0.500000 0.000000
291 1 41.587236 36.671113 0.000000 -0.000000 0.700000 0.000000
292 2 28.593919 19.169746 -0.000000 0.000000 0.500000 0.000000
293 1 15.312629 29.070627 -0.000000 0.000000 0.700000 0.000000
294 2 12.841995 36.739012 0.000000 0.000000 0.500000 0.000000
295 1 19.833835 10.803694 -0.000000 0.000000 0.700000 0.000000
296 2 50.899595 48.080011 0.000000 0.000000 0.500000 0.000000
297 1 3.083199 56.344632 0.000000 -0.000000 0.700000 0.000000
298 2 0.897877 13.966145 0.000000 0.000000 0.500000 0.000000
299 1 25.712644 55.268682 0.000000 -0.000000 0.700000 0.000000
300 2 42.316577 14.822943 0.000000 -0.000000 0.500000 0.000000
301 1 50.851734 22.700960 -0.000000 0.000000 0.700000 0.000000
302 2 20.264512 30.175930 -0.000000 -0.000000 0.500000 0.000000
303 1 58.919783 8.103810 0.000000 0.000000 0.700000 0.000000
304 2 53.181657 26.585664 0.000000 0.000000 0.500000 0.000000
305 1 55.786631 28.537301 0.000000 0.000000 0.700000 0.000000
306 2 39.879804 24.410243 -0.000000 0.000000 0.500000 0.000000
307 1 27.015459 28.462554 0.000000 0.000000 0.700000 0.000000
308 2 15.352750 26.839986 0.000000 0.000000 0.500000 0.000000
309 1 15.996873 27.851168 -0.000000 0.000000 0.700000 0.000000
310 2 24.526783 0.868840 0.000000 0.000000 0.500000 0.000000
311 1 20.269169 42.442334 0.000000 -0.000000 0.700000 0.000000
312 2 57.807814 43.693073 0.000000 -0.000000 0.500000 0.000000
313 1 50.934291 4.938002 0.000000 -0.000000 0.700000 0.000000
314 2 23.807097 12.046563 0.000000 -0.000000 0.500000 0.000000
315 1 43.311521 20.111930 -0.000000 0.000000 0.700000 0.000000
316 2 43.265387 40.395920 -0.000000 0.000000 0.500000 0.000000
317 1 17.514133 31.836707 -0.000000 -0.000000 0.700000 0.000000
318 2 7.392206 47.686298 0.000000 0.000000 0.500000 0.000000
319 1 39.185317 9.173325 -0.000000 -0.000000 0.700000 0.000000
320 2 17.357206 8.634799 -0.000000 0.000000 0.500000 0.000000
321 1 8.130664 23.814122 0.000000 -0.000000 0.700000 0.000000
322 2 48.831339 44.199106 0.000000 0.000000 0.500000 0.000000
323 1 25.974269 42.822431 0.000000 0.000000 0.700000 0.000000
324 2 53.464885 18.240929 -0.000000 0.000000 0.500000 0.000000
325 1 14.205290 50.647647 -0.000000 0.000000 0.700000 0.000000
326 2 36.501451 54.694490 0.000000 -0.000000 0.500000 0.000000
327 1 6.960842 8.661248 0.000000 0.000000 0.700000 0.000000
328 2 7.227864 3.210993 -0.000000 -0.000000 0.500000 0.000000
329 1 16.850776 18.878993 -0.000000 -0.000000 0.700000 0.000000
330 2 13.498717 1.515580 -0.000000 0.000000 0.500000 0.000000
331 1 11.335003 24.522611 0.000000 -0.000000 0.700000 0.000000
332 2 27.630959 19.432895 -0.000000 0.000000 0.500000 0.000000
333 1 54.158787 23.309052 -0.000000 -0.000000 0.700000 0.000000
334 2 38.335283 20.759495 -0.000000 0.000000 0.500000 0.000000
335 1 16.509060 44.075082 -0.000000 -0.000000 0.700000 0.000000
336 2 58.800707 59.826505 0.000000 -0.000000 0.500000 0.000000
337 1 22.418952 9.222545 -0.000000 0.000000 0.700000 0.000000
338 2 28.481077 45.943224 -0.000000 0.000000 0.500000 0.000000
339 1 59.303174 44.563831 0.000000 0.000000 0.700000 0.000000
340 2 18.023342 5.017021 0.000000 -0.000000 0.500000 0.000000
341 1 56.022145 11.863793 0.000000 -0.000000 0.700000 0.000000
342 2 56.056794 26.734224 0.000000 -0.000000 0.500000 0.000000
343 1 42.392612 32.568255 0.000000 0.000000 0.700000 0.000000
344 2 10.740659 18.922070 0.000000 -0.000000 0.500000 0.000000
345 1 0.777998 24.431863 0.000000 -0.000000 0.700000 0.000000
346 2 48.703520 14.589922 -0.000000 0.000000 0.500000 0.000000
347 1 4.371514 28.593075 0.000000 0.000000 0.700000 0.000000
348 2 1.782358 13.503761 0.000000 -0.000000 0.500000 0.000000
349 1 1.993241 57.935931 0.000000 -0.000000 0.700000 0.000000
350 2 26.818198 44.447890 0.000000 0.000000 0.500000 0.000000
351 1 33.660376 0.710388 0.000000 -0.000000 0.700000 0.000000
352 2 42.249997 8.961955 0.000000 0.000000 0.500000 0.000000
353 1 24.744688 17.220836 0.000000 -0.000000 0.700000 0.000000
354 2 53.081726 54.307255 0.000000 -0.000000 0.500000 0.000000
355 1 21.850808 11.079122 0.000000 0.000000 0.700000 0.000000
356 2 34.472569 28.497135 -0.000000 -0.000000 0.500000 0.000000
357 1 14.132152 7.219243 -0.000000 0.000000 0.700000 0.000000
358 2 1.270697 26.708593 -0.000000 -0.000000 0.500000 0.000000
359 1 11.647390 36.830685 0.000000 -0.000000 0.700000 0.000000
360 2 41.060127 23.342870 -0.000000 -0.000000 0.500000 0.000000
361 1 2.439010 26.935532 -0.000000 0.000000 0.700000 0.000000
362 2 23.374710 1.089084 -0.000000 -0.000000 0.500000 0.000000
363 1 4.857258 31.367701 0.000000 -0.000000 0.700000 0.000000
364 2 49.790368 50.598841 0.000000 -0.000000 0.500000 0.000000
365 1 54.035607 51.047824 -0.000000 0.000000 0.700000 0.000000
366 2 34.768274 9.173791 0.000000 -0.000000 0.500000 0.000000
367 1 36.982815 31.424705 0.000000 0.000000 0.700000 0.000000
368 2 55.170283 14.583647 0.000000 0.000000 0.500000 0.000000
369 1 38.520116 43.924425 0.000000 -0.000000 0.700000 0.000000
370 2 9.570711 21.585353 0.000000 0.000000 0.500000 0.000000
371 1 39.781323 58.219703 -0.000000 0.000000 0.700000 0.000000
372 2 53.180907 51.888180 -0.000000 -0.000000 0.500000 0.000000
373 1 20.973736 15.489583 -0.000000 0.000000 0.700000 0.000000
374 2 43.200794 16.796571 0.000000 -0.000000 0.500000 0.000000
375 1 39.605796 47.414056 -0.000000 0.000000 0.700000 0.000000
376 2 47.734921 45.807025 0.000000 -0.000000 0.500000 0.000000
377 1 17.853947 3.418500 0.000000 -0.000000 0.700000 0.000000
378 2 45.966099 12.146890 -0.000000 0.000000 0.500000 0.000000
379 1 57.223184 40.262310 0.000000 -0.000000 0.700000 0.000000
380 2 39.244957 0.355208 -0.000000 0.000000 0.500000 0.000000
381 1 32.266949 18.873341 0.000000 -0.000000 0.700000 0.000000
382 2 14.917443 23.274149 0.000000 0.000000 0.500000 0.000000
383 1 46.874284 23.726923 -0.000000 0.000000 0.700000 0.000000
384 2 50.781850 44.472980 0.000000 0.000000 0.500000 0.000000
385 1 39.428596 33.730612 -0.000000 0.000000 0.700000 0.000000
386 2 14.871917 47.995593 -0.000000 -0.000000 0.500000 0.000000
387 1 39.926839 44.206364 0.000000 0.000000 0.700000 0.000000
388 2 34.254330 21.064306 0.000000 0.000000 0.500000 0.000000
389 1 37.704161 54.726537 0.000000 0.000000 0.700000 0.000000
390 2 28.398233 3.665065 -0.000000 0.000000 0.500000 0.000000
391 1 9.449798 41.539902 0.000000 0.000000 0.700000 0.000000
392 2 22.565164 2.137002 0.000000 0.000000 0.500000 0.000000
393 1 44.998796 27.426469 0.000000 0.000000 0.700000 0.000000
394 2 6.107915 59.788532 0.000000 -0.000000 0.500000 0.000000
395 1 21.847612 12.479041 -0.000000 0.000000 0.700000 0.000000
396 2 32.152228 35.336827 0.000000 0.000000 0.500000 0.000000
397 1 15.756801 59.535491 0.000000 0.000000 0.700000 0.000000
398 2 37.814619 42.534340 0.000000 0.000000 0.500000 0.000000
399 1 29.988846 42.192212 -0.000000 0.000000 0.700000 0.000000
400 2 19.368605 25.787055 0.000000 -0.000000 0.500000 0.000000
401 1 26.274072 6.136134 0.000000 0.000000 0.700000 0.000000
402 2 47.467885 12.300533 0.000000 -0.000000 0.500000 0.000000
403 1 12.387941 5.357387 0.000000 0.000000 0.700000 0.000000
404 2 52.585788 33.413554 0.000000 -0.000000 0.500000 0.000000
405 1 58.830248 33.365504 0.000000 -0.000000 0.700000 0.000000
406 2 59.235535 50.889347 -0.000000 0.000000 0.500000 0.000000
407 1 3.686576 26.321607 -0.000000 -0.000000 0.700000 0.000000
408 2 15.046941 51.487048 0.000000 -0.000000 0.500000 0.000000
409 1 21.022560 54.360547 0.000000 -0.000000 0.700000 0.000000
410 2 6.729729 21.937725 -0.000000 -0.000000 0.500000 0.000000
411 1 12.769451 10.665108 -0.000000 -0.000000 0.700000 0.000000
412 2 14.595635 42.463768 0.000000 0.000000 0.500000 0.000000
413 1 23.056746 45.873125 0.000000 -0.000000 0.700000 0.000000
414 2 19.264059 56.030652 0.000000 -0.000000 0.500000 0.000000
415 1 19.090731 43.628928 0.000000 -0.000000 0.700000 0.000000
416 2 16.910999 9.664713 0.000000 0.000000 0.500000 0.000000
417 1 20.383705 9.070502 0.000000 -0.000000 0.700000 0.000000
418 2 32.340774 15.768423 0.000000 -0.000000 0.500000 0.000000
419 1 24.967362 47.551783 0.000000 -0.000000 0.700000 0.000000
420 2 17.819282 20.909015 0.000000 -0.000000 0.500000 0.000000
421 1 17.147535 53.024061 -0.000000 -0.000000 0.700000 0.000000
422 2 57.075043 19.442577 -0.000000 -0.000000 0.500000 0.000000
423 1 36.657796 0.410182 -0.000000 0.000000 0.700000 0.000000
424 2 57.003335 48.845277 0.000000 0.000000 0.500000 0.000000
425 1 24.558815 15.475281 0.000000 -0.000000 0.700000 0.000000
426 2 27.100642 49.009936 -0.000000 0.000000 0.500000 0.000000
427 1 8.949069 52.364893 -0.000000 -0.000000 0.700000 0.000000
428 2 44.550098 15.426312 0.000000 0.000000 0.500000 0.000000
429 1 40.435024 2.114883 0.000000 0.000000 0.700000 0.000000
430 2 43.673611 56.371133 0.000000 -0.000000 0.500000 0.000000
431 1 33.711584 38.136813 0.000000 -0.000000 0.700000 0.000000
432 2 28.827649 0.011265 0.000000 0.000000 0.500000 0.000000
433 1 26.780497 12.164543 -0.000000 0.000000 0.700000 0.000000
434 2 42.761498 36.912591 -0.000000 0.000000 0.500000 0.000000
435 1 54.647039 37.274296 0.000000 0.000000 0.700000 0.000000
436 2 57.848357 35.212432 -0.000000 0.000000 0.500000 0.000000
437 1 47.841863 55.341908 0.000000 0.000000 0.700000 0.000000
438 2 53.860051 52.619853 -0.000000 -0.000000 0.500000 0.000000
439 1 13.219752 4.019398 -0.000000 -0.000000 0.700000 0.000000
440 2 7.297162 35.901771 0.000000 -0.000000 0.500000 0.000000
441 1 10.748156 7.727580 -0.000000 0.000000 0.700000 0.000000
442 2 34.723729 30.282795 0.000000 0.000000 0.500000 0.000000
443 1 48.910607 46.037434 -0.000000 0.000000 0.700000 0.000000
444 2 21.546281 40.762997 -0.000000 0.000000 0.500000 0.000000
445 1 41.573585 51.998880 0.000000 -0.000000 0.700000 0.000000
446 2 6.465346 57.825286 -0.000000 0.000000 0.500000 0.000000
447 1 38.812800 24.952322 -0.000000 -0.000000 0.700000 0.000000
448 2 26.969956 58.447409 0.000000 0.000000 0.500000 0.000000
449 1 37.861416 14.381562 -0.000000 0.000000 0.700000 0.000000
450 2 24.650666 23.199431 0.000000 0.000000 0.500000 0.000000
451 1 36.242386 23.186922 -0.000000 0.000000 0.700000 0.000000
452 2 16.058342 30.008387 0.000000 -0.000000 0.500000 0.000000
453 1 52.019115 35.291555 0.000000 0.000000 0.700000 0.000000
454 2 9.645968 6.300759 0.000000 0.000000 0.500000 0.000000
455 1 32.910595 53.015587 0.000000 -0.000000 0.700000 0.000000
456 2 6.797923 55.484611 0.000000 0.000000 0.500000 0.000000
457 1 18.423070 46.626867 0.000000 -0.000000 0.700000 0.000000
458 2 46.359559 30.184267 0.000000 0.000000 0.500000 0.000000
459 1 6.153651 47.752094 0.000000 -0.000000 0.700000 0.000000
460 2 48.636075 6.909439 0.000000 -0.000000 0.500000 0.000000
461 1 6.593105 14.210782 0.000000 0.000000 0.700000 0.000000
462 2 27.220479 53.304364 0.000000 0.000000 0.500000 0.000000
463 1 42.865230 21.748629 0.000000 0.000000 0.700000 0.000000
464 2 30.700704 21.525005 -0.000000 -0.000000 0.500000 0.000000
465 1 2.917003 43.030158 0.000000 0.000000 0.700000 0.000000
466 2 38.721993 28.621271 -0.000000 -0.000000 0.500000 0.000000
467 1 16.645950 21.151512 0.000000 -0.000000 0.700000 0.000000
468 2 22.468272 43.905221 0.000000 0.000000 0.500000 0.000000
469 1 8.745752 42.837585 0.000000 -0.000000 0.700000 0.000000
470 2 32.621455 47.358247 0.000000 -0.000000 0.500000 0.000000
471 1 15.251859 49.719990 -0.000000 0.000000 0.700000 0.000000
472 2 27.236463 41.023420 0.000000 0.000000 0.500000 0.000000
473 1 57.553104 29.351285 0.000000 -0.000000 0.700000 0.000000
474 2 54.457231 2.160838 -0.000000 -0.000000 0.500000 0.000000
475 1 28.969616 38.449459 0.000000 -0.000000 0.700000 0.000000
476 2 34.601355 40.897230 0.000000 0.000000 0.500000 0.000000
477 1 52.691625 47.873329 0.000000 0.000000 0.700000 0.000000
478 2 12.037397 28.268160 0.000000 0.000000 0.500000 0.000000
479 1 14.968178 3.189592 0.000000 0.000000 0.700000 0.000000
480 2 0.870507 11.472731 0.000000 0.000000 0.500000 0.000000
481 1 46.068735 13.417602 0.000000 0.000000 0.700000 0.000000
482 2 35.409487 35.197494 -0.000000 -0.000000 0.500000 0.000000
483 1 54.881309 17.531846 -0.000000 -0.000000 0.700000 0.000000
484 2 47.359497 19.884914 0.000000 0.000000 0.500000 0.000000
485 1 0.684025 34.875029 -0.000000 -0.000000 0.700000 0.000000
486 2 39.795493 3.157970 0.000000 -0.000000 0.500000 0.000000
487 1 44.376322 51.972337 0.000000 -0.000000 0.700000 0.000000
488 2 0.116360 5.220541 -0.000000 0.000000 0.500000 0.000000
489 1 5.475705 40.306892 -0.000000 0.000000 0.700000 0.000000
490 2 48.828093 56.262360 -0.000000 -0.000000 0.500000 0.000000
491 1 8.642150 4.790193 0.000000 -0.000000 0.700000 0.000000
492 2 25.155760 59.786145 -0.000000 0.000000 0.500000 0.000000
493 1 10.058243 51.513039 0.000000 -0.000000 0.700000 0.000000
494 2 46.955746 52.562290 0.000000 -0.000000 0.500000 0.000000
495 1 45.035949 8.718296 -0.000000 -0.000000 0.700000 0.000000
496 2 25.199602 21.246895 0.000000 0.000000 0.500000 0.000000
497 1 50.232087 57.633034 0.000000 -0.000000 0.700000 0.000000
498 2 33.391969 54.216109 0.000000 0.000000 0.500000 0.000000
499 1 43.993583 49.252625 0.000000 0.000000 0.700000 0.000000
500 2 18.017949 42.750237 0.000000 0.000000 0.500000 0.000000
501 1 25.454147 25.674507 0.000000 -0.000000 0.700000 0.000000
502 2 21.730459 52.660912 0.000000 -0.000000 0.500000 0.000000
503 1 31.979584 43.688796 -0.000000 -0.000000 0.700000 0.000000
504 2 2.151916 53.816665 0.000000 -0.000000 0.500000 0.000000
505 1 43.370910 30.658882 0.000000 -0.000000 0.700000 0.000000
506 2 7.705607 55.073493 0.000000 -0.000000 0.500000 0.000000
507 1 36.128969 24.832567 0.000000 0.000000 0.700000 0.000000
508 2 19.900744 26.719793 -0.000000 -0.000000 0.500000 0.000000
509 1 15.908593 14.745422 0.000000 -0.000000 0.700000 0.000000
510 2 9.161423 45.312818 0.000000 -0.000000 0.500000 0.000000
511 1 15.011118 30.592172 0.000000 -0.000000 0.700000 0.000000
512 2 7.145395 23.129990 -0.000000 0.000000 0.500000 0.000000
513 1 32.818939 39.489679 0.000000 0.000000 0.700000 0.000000
514 2 19.929660 2.251182 0.000000 0.000000 0.500000 0.000000
515 1 54.180671 56.346607 0.000000 0.000000 0.700000 0.000000
516 2 20.659822 55.995302 0.000000 -0.000000 0.500000 0.000000
517 1 31.166409 15.443810 0.000000 0.000000 0.700000 0.000000
518 2 50.913669 25.991685 0.000000 -0.000000 0.500000 0.000000
519 1 55.524751 36.184903 -0.000000 0.000000 0.700000 0.000000
520 2 28.079409 26.255280 -0.000000 -0.000000 0.500000 0.000000
521 1 9.301142 44.122203 -0.000000 -0.000000 0.700000 0.000000
522 2 27.843022 22.620050 0.000000 -0.000000 0.500000 0.000000
523 1 1.720194 10.486239 -0.000000 0.000000 0.700000 0.000000
524 2 55.861796 8.551461 0.000000 -0.000000 0.500000 0.000000
525 1 35.813430 5.736561 0.000000 0.000000 0.700000 0.000000
526 2 22.143295 59.784605 0.000000 0.000000 0.500000 0.000000
527 1 53.091475 6.680667 0.000000 -0.000000 0.700000 0.000000
528 2 51.907167 31.462810 -0.000000 -0.000000 0.500000 0.000000
529 1 0.141658 16.076563 0.000000 -0.000000 0.700000 0.000000
530 2 2.883064 31.798243 0.000000 -0.000000 0.500000 0.000000
531 1 49.225206 55.134201 0.000000 -0.000000 0.700000 0.000000
532 2 34.788135 52.904487 0.000000 -0.000000 0.500000 0.000000
533 1 43.226380 50.420514 -0.000000 0.000000 0.700000 0.000000
534 2 42.063225 33.897853 0.000000 0.000000 0.500000 0.000000
535 1 32.881022 17.533097 0.000000 -0.000000 0.700000 0.000000
536 2 41.720587 45.953431 0.000000 0.000000 0.500000 0.000000
537 1 38.052575 0.478656 -0.000000 0.000000 0.700000 0.000000
538 2 18.724685 22.846382 -0.000000 0.000000 0.500000 0.000000
539 1 42.322159 0.235471 0.000000 0.000000 0.700000 0.000000
540 2 24.074640 33.472052 0.000000 0.000000 0.500000 0.000000
541 1 30.892246 25.945148 0.000000 0.000000 0.700000 0.000000
542 2 20.632443 32.755096 0.000000 0.000000 0.500000 0.000000
543 1 30.339019 34.905748 -0.000000 -0.000000 0.700000 0.000000
544 2 45.546753 26.171519 -0.000000 -0.000000 0.500000 0.000000
545 1 19.475006 31.549798 0.000000 -0.000000 0.700000 0.000000
546 2 16.748338 34.937404 -0.000000 -0.000000 0.500000 0.000000
547 1 45.295645 36.201883 0.000000 -0.000000 0.700000 0.000000
548 2 39.787230 41.299715 0.000000 0.000000 0.500000 0.000000
549 1 50.478623 10.843799 -0.000000 -0.000000 0.700000 0.000000
550 2 45.075855 35.023284 -0.000000 -0.000000 0.500000 0.000000
551 1 2.067262 3.344334 -0.000000 -0.000000 0.700000 0.000000
552 2 8.142616 17.435617 0.000000 -0.000000 0.500000 0.000000
553 1 5.553551 1.519801 -0.000000 0.000000 0.700000 0.000000
554 2 2.092473 40.316783 0.000000 0.000000 0.500000 0.000000
555 1 9.200156 31.550226 -0.000000 -0.000000 0.700000 0.000000
556 2 37.035885 6.785089 0.000000 -0.000000 0.500000 0.000000
557 1 53.571201 17.046770 -0.000000 0.000000 0.700000 0.000000
558 2 13.702387 12.140842 0.000000 -0.000000 0.500000 0.000000
559 1 38.676481 46.366271 0.000000 0.000000 0.700000 0.000000
560 2 13.914222 2.622444 0.000000 0.000000 0.500000 0.000000
561 1 11.212654 33.085328 0.000000 -0.000000 0.700000 0.000000
562 2 35.035073 58.408877 -0.000000 -0.000000 0.500000 0.000000
563 1 6.481012 27.740615 -0.000000 0.000000 0.700000 0.000000
564 2 31.364360 3.728866 0.000000 0.000000 0.500000 0.000000
565 1 30.350081 50.806893 0.000000 -0.000000 0.700000 0.000000
566 2 11.120932 58.095124 -0.000000 -0.000000 0.500000 0.000000
567 1 36.544879 42.467350 0.000000 0.000000 0.700000 0.000000
568 2 36.076655 51.156790 0.000000 -0.000000 0.500000 0.000000
569 1 9.013512 40.214863 -0.000000 0.000000 0.700000 0.000000
570 2 16.708615 58.806241 -0.000000 0.000000 0.500000 0.000000
571 1 45.256216 29.717609 -0.000000 0.000000 0.700000 0.000000
572 2 15.935372 5.045816 -0.000000 0.000000 0.500000 0.000000
573 1 3.846229 52.773371 0.000000 0.000000 0.700000 0.000000
574 2 52.408872 27.357261 0.000000 0.000000 0.500000 0.000000
575 1 35.192758 44.364193 0.000000 0.000000 0.700000 0.000000
576 2 49.563768 31.300684 -0.000000 0.000000 0.500000 0.000000
577 1 55.703375 24.360880 0.000000 -0.000000 0.700000 0.000000
578 2 44.058787 17.831266 -0.000000 0.000000 0.500000 0.000000
579 1 34.843458 23.232663 -0.000000 -0.000000 0.700000 0.000000
580 2 56.221308 57.896825 0.000000 -0.000000 0.500000 0.000000
581 1 15.120061 15.900693 -0.000000 -0.000000 0.700000 0.000000
582 2 37.054311 46.164637 0.000000 0.000000 0.500000 0.000000
583 1 6.258072 16.827044 0.000000 -0.000000 0.700000 0.000000
584 2 18.406115 12.892927 -0.000000 -0.000000 0.500000 0.000000
585 1 57.099261 17.212372 0.000000 -0.000000 0.700000 0.000000
586 2 7.177507 36.894026 0.000000 -0.000000 0.500000 0.000000
587 1 57.965477 7.081676 0.000000 -0.000000 0.700000 0.000000
588 2 20.920898 13.740746 -0.000000 0.000000 0.500000 0.000000
589 1 50.976013 32.957577 0.000000 0.000000 0.700000 0.000000
590 2 32.310617 8.952518 -0.000000 -0.000000 0.500000 0.000000
591 1 43.639798 8.741618 0.000000 0.000000 0.700000 0.000000
592 2 4.340750 34.926034 -0.000000 0.000000 0.500000 0.000000
593 1 17.443737 54.702552 0.000000 -0.000000 0.700000 0.000000
594 2 9.087828 53.957373 0.000000 0.000000 0.500000 0.000000
595 1 0.005771 23.189257 -0.000000 -0.000000 0.700000 0.000000
596 2 10.714397 10.947258 0.000000 0.000000 0.500000 0.000000
597 1 23.624628 56.926243 0.000000 -0.000000 0.700000 0.000000
598 2 46.773637 15.824689 0.000000 0.000000 0.500000 0.000000
599 1 49.530887 1.299446 0.000000 -0.000000 0.700000 0.000000
600 2 1.187124 14.922415 -0.000000 0.000000 0.500000 0.000000
601 1 57.099088 9.520277 0.000000 -0.000000 0.700000 0.000000
602 2 4.916013 8.399098 0.000000 0.000000 0.500000 0.000000
603 1 5.396886 51.056883 -0.000000 0.000000 0.700000 0.000000
604 2 45.453195 28.534698 -0.000000 0.000000 0.500000 0.000000
605 1 18.832095 54.593122 0.000000 0.000000 0.700000 0.000000
606 2 26.881492 26.297120 0.000000 -0.000000 0.500000 0.000000
607 1 3.726513 14.526163 -0.000000 -0.000000 0.700000 0.000000
608 2 19.258411 19.936367 0.000000 -0.000000 0.500000 0.000000
609 1 34.303188 42.056680 -0.000000 -0.000000 0.700000 0.000000
610 2 22.501779 13.836419 0.000000 -0.000000 0.500000 0.000000
611 1 0.950529 38.200201 0.000000 0.000000 0.700000 0.000000
612 2 16.189340 26.295243 0.000000 -0.000000 0.500000 0.000000
613 1 13.926984 49.279990 -0.000000 0.000000 0.700000 0.000000
614 2 48.897611 26.580350 0.000000 -0.000000 0.500000 0.000000
615 1 17.756450 16.270787 -0.000000 -0.000000 0.700000 0.000000
616 2 33.436758 5.327906 -0.000000 -0.000000 0.500000 0.000000
617 1 15.136973 57.295022 -0.000000 0.000000 0.700000 0.000000
618 2 2.498154 55.021215 -0.000000 -0.000000 0.500000 0.000000
619 1 57.097771 24.362132 0.000000 0.000000 0.700000 0.000000
620 2 47.573730 40.167765 0.000000 -0.000000 0.500000 0.000000
621 1 36.618965 8.088246 0.000000 -0.000000 0.700000 0.000000
622 2 29.103499 16.129648 -0.000000 -0.000000 0.500000 0.000000
623 1 49.742546 38.370603 -0.000000 0.000000 0.700000 0.000000
624 2 38.416672 22.087897 0.000000 0.000000 0.500000 0.000000
625 1 27.161410 47.782333 0.000000 0.000000 0.700000 0.000000
626 2 32.313279 11.496670 -0.000000 0.000000 0.500000 0.000000
627 1 37.505726 19.147533 -0.000000 -0.000000 0.700000 0.000000
628 2 24.045592 45.060964 0.000000 0.000000 0.500000 0.000000
629 1 24.620012 57.908070 -0.000000 0.000000 0.700000 0.000000
630 2 38.257515 51.326413 0.000000 0.000000 0.500000 0.000000
631 1 25.344859 40.401181 -0.000000 0.000000 0.700000 0.000000
632 2 35.904623 17.333674 0.000000 -0.000000 0.500000 0.000000
633 1 5.424730 25.622788 0.000000 0.000000 0.700000 0.000000
634 2 9.795251 5.231350 -0.000000 0.000000 0.500000 0.000000
635 1 22.835115 6.118318 0.000000 -0.000000 0.700000 0.000000
636 2 26.947265 7.126468 0.000000 0.000000 0.500000 0.000000
637 1 4.577241 12.783205 -0.000000 -0.000000 0.700000 0.000000
638 2 46.097436 59.053001 -0.000000 0.000000 0.500000 0.000000
639 1 57.326868 22.981545 -0.000000 0.000000 0.700000 0.000000
640 2 51.313103 19.105375 -0.000000 0.000000 0.500000 0.000000
641 1 37.714197 27.501844 0.000000 -0.000000 0.700000 0.000000
642 2 31.440265 7.053260 -0.000000 0.000000 0.500000 0.000000
643 1 33.917685 59.334934 -0.000000 -0.000000 0.700000 0.000000
644 2 12.412915 18.024781 -0.000000 -0.000000 0.500000 0.000000
645 1 34.733709 24.733958 0.000000 -0.000000 0.700000 0.000000
646 2 22.293393 29.557594 0.000000 0.000000 0.500000 0.000000
647 1 4.921560 41.779310 0.000000 0.000000 0.700000 0.000000
648 2 36.090962 9.801371 0.000000 0.000000 0.500000 0.000000
649 1 46.986168 59.857737 0.000000 0.000000 0.700000 0.000000
650 2 13.331330 54.833674 -0.000000 0.000000 0.500000 0.000000
651 1 52.563212 43.692195 0.000000 -0.000000 0.700000 0.000000
652 2 22.051502 27.804845 0.000000 -0.000000 0.500000 0.000000
653 1 35.261571 27.593739 0.000000 0.000000 0.700000 0.000000
654 2 46.972467 22.262514 0.000000 0.000000 0.500000 0.000000
655 1 14.636956 52.613635 -0.000000 -0.000000 0.700000 0.000000
656 2 15.869557 22.118955 0.000000 -0.000000 0.500000 0.000000
657 1 55.434167 31.525404 -0.000000 0.000000 0.700000 0.000000
658 2 30.714981 36.868821 0.000000 -0.000000 0.500000 0.000000
659 1 1.950592 4.732505 0.000000 -0.000000 0.700000 0.000000
660 2 32.265882 14.547489 -0.000000 -0.000000 0.500000 0.000000
661 1 22.693849 55.360195 0.000000 0.000000 0.700000 0.000000
662 2 10.632841 9.002882 0.000000 0.000000 0.500000 0.000000
663 1 24.246586 37.403965 -0.000000 0.000000 0.700000 0.000000
664 2 0.380796 44.040473 -0.000000 -0.000000 0.500000 0.000000
665 1 15.611260 38.927675 0.000000 0.000000 0.700000 0.000000
666 2 26.721597 31.698763 -0.000000 0.000000 0.500000 0.000000
667 1 41.955803 54.511172 0.000000 0.000000 0.700000 0.000000
668 2 19.049764 1.779944 0.000000 -0.000000 0.500000 0.000000
669 1 31.752569 20.952600 -0.000000 0.000000 0.700000 0.000000
670 2 51.949400 53.426671 0.000000 0.000000 0.500000 0.000000
671 1 21.543108 49.678982 -0.000000 0.000000 0.700000 0.000000
672 2 47.959098 44.832871 0.000000 -0.000000 0.500000 0.000000
673 1 30.076215 33.468356 -0.000000 0.000000 0.700000 0.000000
674 2 48.621003 48.796632 0.000000 0.000000 0.500000 0.000000
675 1 5.646447 3.713829 0.000000 -0.000000 0.700000 0.000000
676 2 43.373479 45.982184 0.000000 -0.000000 0.500000 0.000000
677 1 8.679817 2.159011 -0.000000 0.000000 0.700000 0.000000
678 2 22.484104 50.420664 0.000000 -0.000000 0.500000 0.000000
679 1 45.380030 49.435145 0.000000 0.000000 0.700000 0.000000
680 2 3.665666 17.007087 0.000000 0.000000 0.500000 0.000000
681 1 29.591865 24.512124 -0.000000 -0.000000 0.700000 0.000000
682 2 4.359278 53.864505 0.000000 -0.000000 0.500000 0.000000
683 1 7.892495 44.389525 -0.000000 -0.000000 0.700000 0.000000
684 2 15.023805 44.197902 0.000000 -0.000000 0.500000 0.000000
685 1 42.266551 43.275607 0.000000 -0.000000 0.700000 0.000000
686 2 14.690166 46.038184 0.000000 0.000000 0.500000 0.000000
687 1 5.799677 22.695284 -0.000000 0.000000 0.700000 0.000000
688 2 42.825290 42.215861 0.000000 -0.000000 0.500000 0.000000
689 1 30.129530 17.738521 0.000000 0.000000 0.700000 0.000000
690 2 45.914881 43.670501 0.000000 -0.000000 0.500000 0.000000
691 1 28.002024 17.863659 -0.000000 0.000000 0.700000 0.000000
692 2 11.201558 40.863767 -0.000000 0.000000 0.500000 0.000000
693 1 31.566979 40.938711 -0.000000 0.000000 0.700000 0.000000
694 2 35.682271 3.465935 -0.000000 -0.000000 0.500000 0.000000
695 1 19.741966 13.946882 -0.000000 0.000000 0.700000 0.000000
696 2 38.916220 3.903253 0.000000 0.000000 0.500000 0.000000
697 1 34.470407 7.128424 -0.000000 0.000000 0.700000 0.000000
698 2 5.977927 58.771880 0.000000 0.000000 0.500000 0.000000
699 1 47.123753 9.579699 -0.000000 0.000000 0.700000 0.000000
700 2 20.561418 48.064044 0.000000 -0.000000 0.500000 0.000000
701 1 15.804480 53.382715 -0.000000 0.000000 0.700000 0.000000
702 2 2.709660 44.211538 -0.000000 0.000000 0.500000 0.000000
703 1 44.347052 18.992809 0.000000 -0.000000 0.700000 0.000000
704 2 19.061144 58.619912 -0.000000 -0.000000 0.500000 0.000000
705 1 8.611797 50.953695 0.000000 -0.000000 0.700000 0.000000
706 2 42.053657 13.859484 -0.000000 -0.000000 0.500000 0.000000
707 1 27.776305 43.727108 -0.000000 0.000000 0.700000 0.000000
708 2 17.369076 36.606248 0.000000 -0.000000 0.500000 0.000000
709 1 8.473045 25.892211 -0.000000 -0.000000 0.700000 0.000000
710 2 33.279227 10.562354 -0.000000 0.000000 0.500000 0.000000
711 1 15.360187 25.432644 -0.000000 -0.000000 0.700000 0.000000
712 2 0.502568 51.644979 0.000000 0.000000 0.500000 0.000000
713 1 33.632209 11.709542 -0.000000 -0.000000 0.700000 0.000000
714 2 38.097371 58.228964 -0.000000 -0.000000 0.500000 0.000000
715 1 6.842877 56.682784 -0.000000 0.000000 0.700000 0.000000
716 2 25.182086 26.863065 -0.000000 -0.000000 0.500000 0.000000
717 1 30.981211 27.337801 -0.000000 0.000000 0.700000 0.000000
718 2 5.933137 21.336438 -0.000000 -0.000000 0.500000 0.000000
719 1 40.041180 50.863687 -0.000000 -0.000000 0.700000 0.000000
720 2 47.809504 39.197528 0.000000 -0.000000 0.500000 0.000000
721 1 16.571032 13.399488 0.000000 0.000000 0.700000 0.000000
722 2 0.122944 0.417871 0.000000 0.000000 0.500000 0.000000
723 1 51.433284 58.349741 -0.000000 0.000000 0.700000 0.000000
724 2 17.212652 28.005238 0.000000 -0.000000 0.500000 0.000000
725 1 32.555083 45.415504 0.000000 0.000000 0.700000 0.000000
726 2 25.682896 15.889318 0.000000 0.000000 0.500000 0.000000
727 1 32.549119 4.520400 0.000000 -0.000000 0.700000 0.000000
728 2 18.593315 45.440132 -0.000000 -0.000000 0.500000 0.000000
729 1 15.178564 6.289342 0.000000 0.000000 0.700000 0.000000
730 2 58.376124 11.891483 0.000000 -0.000000 0.500000 0.000000
731 1 15.724259 7.576633 0.000000 0.000000 0.700000 0.000000
732 2 18.111260 23.675454 0.000000 -0.000000 0.500000 0.000000
733 1 26.728033 23.058769 -0.000000 -0.000000 0.700000 0.000000
734 2 25.115832 49.427817 -0.000000 0.000000 0.500000 0.000000
735 1 54.425676 35.146598 0.000000 0.000000 0.700000 0.000000
736 2 57.062075 38.918693 0.000000 0.000000 0.500000 0.000000
737 1 12.394113 19.223523 0.000000 -0.000000 0.700000 0.000000
738 2 41.653989 58.238369 0.000000 0.000000 0.500000 0.000000
739 1 31.787750 28.591375 -0.000000 0.000000 0.700000 0.000000
740 2 50.090942 32.150116 0.000000 -0.000000 0.500000 0.000000
741 1 25.443985 10.939620 0.000000 0.000000 0.700000 0.000000
742 2 15.274130 36.887929 0.000000 0.000000 0.500000 0.000000
743 1 48.985527 37.194327 0.000000 -0.000000 0.700000 0.000000
744 2 55.987994 45.663233 -0.000000 0.000000 0.500000 0.000000
745 1 58.172025 30.605610 -0.000000 0.000000 0.700000 0.000000
746 2 20.833305 20.993872 0.000000 -0.000000 0.500000 0.000000
747 1 37.528603 30.139604 -0.000000 0.000000 0.700000 0.000000
748 2 7.137632 2.145672 0.000000 -0.000000 0.500000 0.000000
749 1 56.434899 52.656113 0.000000 -0.000000 0.700000 0.000000
750 2 2.266150 12.396904 0.000000 -0.000000 0.500000 0.000000
751 1 17.031048 0.112060 0.000000 -0.000000 0.700000 0.000000
752 2 31.489036 19.783841 0.000000 0.000000 0.500000 0.000000
753 1 24.885451 8.657010 0.000000 -0.000000 0.700000 0.000000
754 2 25.656938 29.556531 0.000000 -0.000000 0.500000 0.000000
755 1 17.873925 14.876001 0.000000 -0.000000 0.700000 0.000000
756 2 41.574465 22.219413 0.000000 -0.000000 0.500000 0.000000
757 1 39.603078 56.000845 -0.000000 -0.000000 0.700000 0.000000
758 2 50.809419 52.302262 0.000000 -0.000000 0.500000 0.000000
759 1 43.018850 47.922921 0.000000 0.000000 0.700000 0.000000
760 2 16.999676 12.281611 -0.000000 -0.000000 0.500000 0.000000
761 1 56.797039 0.641166 -0.000000 -0.000000 0.700000 0.000000
762 2 51.943661 56.906869 0.000000 0.000000 0.500000 0.000000
763 1 21.562771 22.480810 0.000000 0.000000 0.700000 0.000000
764 2 14.883851 22.275029 0.000000 0.000000 0.500000 0.000000
765 1 52.657548 50.808681 -0.000000 -0.000000 0.700000 0.000000
766 2 26.977716 55.176506 0.000000 0.000000 0.500000 0.000000
767 1 33.622347 31.452458 -0.000000 0.000000 0.700000 0.000000
768 2 42.333230 2.311420 0.000000 0.000000 0.500000 0.000000
769 1 13.613732 19.906291 0.000000 0.000000 0.700000 0.000000
770 2 8.268036 41.737143 -0.000000 -0.000000 0.500000 0.000000
771 1 36.407521 15.793987 0.000000 -0.000000 0.700000 0.000000
772 2 34.711493 39.188590 -0.000000 -0.000000 0.500000 0.000000
773 1 17.257118 30.190145 -0.000000 0.000000 0.700000 0.000000
774 2 17.128951 23.852624 0.000000 -0.000000 0.500000 0.000000
775 1 45.432707 24.979245 -0.000000 -0.000000 0.700000 0.000000
776 2 3.056984 7.758979 -0.000000 0.000000 0.500000 0.000000
777 1 53.412217 24.676504 0.000000 -0.000000 0.700000 0.000000
778 2 27.804976 41.844015 0.000000 0.000000 0.500000 0.000000
779 1 50.799623 37.334009 0.000000 0.000000 0.700000 0.000000
780 2 54.386085 42.375897 0.000000 0.000000 0.500000 0.000000
781 1 52.698404 30.269835 0.000000 0.000000 0.700000 0.000000
782 2 22.918664 48.023471 0.000000 0.000000 0.500000 0.000000
783 1 17.092901 17.501990 0.000000 -0.000000 0.700000 0.000000
784 2 26.653090 29.615314 0.000000 0.000000 0.500000 0.000000
785 1 19.557581 12.562273 -0.000000 0.000000 0.700000 0.000000
786 2 38.519499 13.271930 0.000000 -0.000000 0.500000 0.000000
787 1 29.703336 52.893282 0.000000 0.000000 0.700000 0.000000
788 2 11.683784 30.225544 0.000000 0.000000 0.500000 0.000000
789 1 1.960917 22.565711 0.000000 -0.000000 0.700000 0.000000
790 2 2.186547 28.607697 0.000000 -0.000000 0.500000 0.000000
791 1 47.797415 29.631186 -0.000000 -0.000000 0.700000 0.000000
792 2 25.004889 33.833503 0.000000 -0.000000 0.500000 0.000000
793 1 30.554664 47.650541 -0.000000 -0.000000 0.700000 0.000000
794 2 50.539507 19.737282 0.000000 0.000000 0.500000 0.000000
795 1 35.693769 37.040518 -0.000000 0.000000 0.700000 0.000000
796 2 57.264335 42.557513 0.000000 0.000000 0.500000 0.000000
797 1 29.053478 4.667518 0.000000 -0.000000 0.700000 0.000000
798 2 2.235930 18.933426 -0.000000 0.000000 0.500000 0.000000
799 1 53.308108 46.396099 0.000000 0.000000 0.700000 0.000000
800 2 9.208787 16.040681 -0.000000 -0.000000 0.500000 0.000000
801 1 54.790723 5.367500 -0.000000 0.000000 0.700000 0.000000
802 2 13.228506 35.677145 0.000000 0.000000 0.500000 0.000000
803 1 30.392605 2.954080 0.000000 0.000000 0.700000 0.000000
804 2 51.158835 41.987774 0.000000 -0.000000 0.500000 0.000000
805 1 40.567170 34.531693 0.000000 -0.000000 0.700000 0.000000
806 2 41.365576 12.853596 -0.000000 -0.000000 0.500000 0.000000
807 1 7.232398 19.092263 0.000000 -0.000000 0.700000 0.000000
808 2 8.796906 8.488776 0.000000 -0.000000 0.500000 0.000000
809 1 11.580557 9.857640 0.000000 -0.000000 0.700000 0.000000
810 2 21.645178 26.892438 -0.000000 -0.000000 0.500000 0.000000
811 1 36.979999 44.490494 0.000000 -0.000000 0.700000 0.000000
812 2 45.453694 7.050126 0.000000 -0.000000 0.500000 0.000000
813 1 44.930950 1.901107 -0.000000 -0.000000 0.700000 0.000000
814 2 52.270356 42.438578 -0.000000 0.000000 0.500000 0.000000
815 1 52.169564 15.302817 0.000000 0.000000 0.700000 0.000000
816 2 40.377082 40.494545 0.000000 -0.000000 0.500000 0.000000
817 1 27.532524 50.292463 0.000000 -0.000000 0.700000 0.000000
818 2 28.651318 49.870818 0.000000 -0.000000 0.500000 0.000000
819 1 14.325583 36.158793 0.000000 0.000000 0.700000 0.000000
820 2 28.224431 46.931571 0.000000 0.000000 0.500000 0.000000
821 1 29.223789 7.120719 -0.000000 0.000000 0.700000 0.000000
822 2 9.112584 47.363023 0.000000 0.000000 0.500000 0.000000
823 1 30.683745 9.290081 -0.000000 -0.000000 0.700000 0.000000
824 2 21.212412 36.035067 0.000000 0.000000 0.500000 0.000000
825 1 21.461922 58.798265 0.000000 0.000000 0.700000 0.000000
826 2 35.723671 8.879691 0.000000 0.000000 0.500000 0.000000
827 1 54.402005 47.402658 0.000000 0.000000 0.700000 0.000000
828 2 44.558392 26.310513 0.000000 0.000000 0.500000 0.000000
829 1 58.515203 40.788697 -0.000000 0.000000 0.700000 0.000000
830 2 30.936944 53.222929 0.000000 -0.000000 0.500000 0.000000
831 1 8.222020 56.882907 -0.000000 -0.000000 0.700000 0.000000
832 2 8.338701 15.552603 -0.000000 0.000000 0.500000 0.000000
833 1 26.062202 33.270784 0.000000 -0.000000 0.700000 0.000000
834 2 32.000572 49.368970 0.000000 -0.000000 0.500000 0.000000
835 1 48.484487 27.706372 0.000000 -0.000000 0.700000 0.000000
836 2 23.172884 32.134790 0.000000 0.000000 0.500000 0.000000
837 1 11.559964 38.576122 -0.000000 0.000000 0.700000 0.000000
838 2 24.620115 14.277573 0.000000 -0.000000 0.500000 0.000000
839 1 5.130474 48.729000 0.000000 -0.000000 0.700000 0.000000
840 2 57.893045 28.046721 -0.000000 0.000000 0.500000 0.000000
841 1 46.553530 29.005337 -0.000000 0.000000 0.700000 0.000000
842 2 27.697575 44.921228 0.000000 0.000000 0.500000 0.000000
843 1 3.289203 0.110922 0.000000 0.000000 0.700000 0.000000
844 2 42.893724 44.296256 -0.000000 0.000000 0.500000 0.000000
845 1 30.327726 56.285816 0.000000 -0.000000 0.700000 0.000000
846 2 43.460844 10.759688 0.000000 -0.000000 0.500000 0.000000
847 1 29.795386 49.509618 0.000000 -0.000000 0.700000 0.000000
848 2 59.700604 34.191244 -0.000000 -0.000000 0.500000 0.000000
849 1 46.132828 14.814388 -0.000000 0.000000 0.700000 0.000000
850 2 21.299580 32.012580 0.000000 -0.000000 0.500000 0.000000
851 1 28.713175 41.061256 0.000000 -0.000000 0.700000 0.000000
852 2 59.873443 12.675385 -0.000000 0.000000 0.500000 0.000000
853 1 37.816819 5.144606 0.000000 -0.000000 0.700000 0.000000
854 2 42.127276 49.957403 0.000000 -0.000000 0.500000 0.000000
855 1 43.236816 6.051509 0.000000 -0.000000 0.700000 0.000000
856 2 52.759869 25.681152 0.000000 -0.000000 0.500000 0.000000
857 1 53.312548 36.227215 0.000000 0.000000 0.700000 0.000000
858 2 20.775705 1.312983 0.000000 -0.000000 0.500000 0.000000
859 1 19.721296 50.922322 0.000000 -0.000000 0.700000 0.000000
860 2 49.690384 54.029678 -0.000000 -0.000000 0.500000 0.000000
861 1 33.577158 22.052578 -0.000000 -0.000000 0.700000 0.000000
862 2 19.366259 9.703893 0.000000 -0.000000 0.500000 0.000000
863 1 35.794415 57.482017 -0.000000 0.000000 0.700000 0.000000
864 2 46.541610 16.798556 -0.000000 -0.000000 0.500000 0.000000
865 1 46.636828 38.241772 -0.000000 0.000000 0.700000 0.000000
866 2 27.421484 9.236734 0.000000 0.000000 0.500000 0.000000
867 1 21.953946 35.092498 -0.000000 0.000000 0.700000 0.000000
868 2 48.099902 38.244710 0.000000 -0.000000 0.500000 0.000000
869 1 41.555686 29.521441 -0.000000 0.000000 0.700000 0.000000
870 2 4.283996 51.659824 -0.000000 -0.000000 0.500000 0.000000
871 1 15.027914 34.949643 0.000000 -0.000000 0.700000 0.000000
872 2 41.791658 39.932514 -0.000000 -0.000000 0.500000 0.000000
873 1 3.048409 30.611236 -0.000000 -0.000000 0.700000 0.000000
874 2 43.048355 18.510945 0.000000 0.000000 0.500000 0.000000
875 1 13.783939 38.550192 0.000000 -0.000000 0.700000 0.000000
876 2 19.059440 8.756256 -0.000000 0.000000 0.500000 0.000000
877 1 15.738814 17.155809 0.000000 -0.000000 0.700000 0.000000
878 2 45.707579 51.319555 0.000000 -0.000000 0.500000 0.000000
879 1 41.148182 16.253633 -0.000000 -0.000000 0.700000 0.000000
880 2 51.740554 2.769767 -0.000000 0.000000 0.500000 0.000000
881 1 53.702292 40.387046 0.000000 -0.000000 0.700000 0.000000
882 2 16.908957 51.711438 0.000000 -0.000000 0.500000 0.000000
883 1 48.184245 24.211799 0.000000 -0.000000 0.700000 0.000000
884 2 52.613268 8.606573 -0.000000 0.000000 0.500000 0.000000
885 1 14.726333 33.583874 -0.000000 -0.000000 0.700000 0.000000
886 2 26.609344 10.102773 0.000000 -0.000000 0.500000 0.000000
887 1 38.037451 33.592973 -0.000000 -0.000000 0.700000 0.000000
888 2 51.613199 23.628213 0.000000 0.000000 0.500000 0.000000
889 1 55.165267 3.128795 -0.000000 -0.000000 0.700000 0.000000
890 2 55.315867 43.639513 0.000000 -0.000000 0.500000 0.000000
891 1 54.869112 46.091727 -0.000000 -0.000000 0.700000 0.000000
892 2 45.023320 32.720140 -0.000000 -0.000000 0.500000 0.000000
893 1 1.612636 42.528207 0.000000 -0.000000 0.700000 0.000000
894 2 48.550083 49.792570 -0.000000 0.000000 0.500000 0.000000
895 1 21.725347 17.139032 0.000000 -0.000000 0.700000 0.000000
896 2 10.141375 0.064282 -0.000000 -0.000000 0.500000 0.000000
897 1 14.866883 18.984128 0.000000 -0.000000 0.700000 0.000000
898 2 13.114926 50.163180 -0.000000 -0.000000 0.500000 0.000000
899 1 43.120399 25.980894 0.000000 0.000000 0.700000 0.000000
900 2 25.846146 56.460424 -0.000000 0.000000 0.500000 0.000000
901 1 0.610552 36.272087 0.000000 -0.000000 0.700000 0.000000
902 2 39.438980 38.670869 0.000000 0.000000 0.500000 0.000000
903 1 43.676325 32.019318 -0.000000 -0.000000 0.700000 0.000000
904 2 2.698421 51.180505 0.000000 0.000000 0.500000 0.000000
905 1 4.168773 25.018414 0.000000 0.000000 0.700000 0.000000
906 2 53.907171 59.674764 -0.000000 -0.000000 0.500000 0.000000
907 1 45.382803 3.225870 0.000000 -0.000000 0.700000 0.000000
908 2 40.873878 48.170849 -0.000000 0.000000 0.500000 0.000000
909 1 47.369290 13.922806 0.000000 0.000000 0.700000 0.000000
910 2 26.428691 13.750368 0.000000 0.000000 0.500000 0.000000
911 1 36.125425 29.412832 -0.000000 -0.000000 0.700000 0.000000
912 2 42.744770 46.756656 0.000000 0.000000 0.500000 0.000000
913 1 47.545060 10.912729 -0.000000 -0.000000 0.700000 0.000000
914 2 12.605411 0.153482 0.000000 0.000000 0.500000 0.000000
915 1 53.955354 0.872743 0.000000 -0.000000 0.700000 0.000000
916 2 37.994792 23.168428 0.000000 0.000000 0.500000 0.000000
917 1 18.436461 57.565152 0.000000 -0.000000 0.700000 0.000000
918 2 42.807977 7.314495 0.000000 -0.000000 0.500000 0.000000
919 1 1.010812 39.797944 0.000000 -0.000000 0.700000 0.000000
920 2 58.381640 50.372118 0.000000 -0.000000 0.500000 0.000000
921 1 21.430797 39.569700 0.000000 -0.000000 0.700000 0.000000
922 2 9.194041 26.849502 -0.000000 -0.000000 0.500000 0.000000
923 1 23.014002 36.022864 0.000000 -0.000000 0.700000 0.000000
924 2 59.321632 3.407185 0.000000 0.000000 0.500000 0.000000
925 1 40.649670 21.353818 0.000000 0.000000 0.700000 0.000000
926 2 40.970744 5.358661 -0.000000 0.000000 0.500000 0.000000
927 1 10.484379 29.937367 -0.000000 0.000000 0.700000 0.000000
928 2 55.222690 57.939956 0.000000 0.000000 0.500000 0.000000
929 1 26.135690 17.359209 -0.000000 0.000000 0.700000 0.000000
930 2 49.026528 25.090000 -0.000000 -0.000000 0.500000 0.000000
931 1 46.379933 27.623523 0.000000 -0.000000 0.700000 0.000000
932 2 58.932170 49.538545 0.000000 -0.000000 0.500000 0.000000
933 1 35.660836 59.430881 0.000000 -0.000000 0.700000 0.000000
934 2 28.215397 20.243640 0.000000 0.000000 0.500000 0.000000
935 1 39.248352 14.223591 -0.000000 0.000000 0.700000 0.000000
936 2 57.813682 49.428985 0.000000 0.000000 0.500000 0.000000
937 1 9.375250 24.823829 -0.000000 0.000000 0.700000 0.000000
938 2 34.628587 17.296870 0.000000 -0.000000 0.500000 0.000000
939 1 51.353660 29.888754 0.000000 -0.000000 0.700000 0.000000
940 2 24.385473 53.382704 -0.000000 -0.000000 0.500000 0.000000
941 1 14.680662 1.701142 -0.000000 -0.000000 0.700000 0.000000
942 2 50.673386 1.659893 0.000000 0.000000 0.500000 0.000000
943 1 34.135734 57.554378 0.000000 -0.000000 0.700000 0.000000
944 2 9.775695 1.674230 0.000000 0.000000 0.500000 0.000000
945 1 37.846949 8.758569 -0.000000 -0.000000 0.700000 0.000000
946 2 2.939599 17.870549 -0.000000 -0.000000 0.500000 0.000000
947 1 34.490727 26.112244 0.000000 -0.000000 0.700000 0.000000
948 2 52.159121 12.226489 0.000000 0.000000 0.500000 0.000000
949 1 45.571395 16.095572 -0.000000 0.000000 0.700000 0.000000
950 2 1.635166 47.645996 -0.000000 0.000000 0.500000 0.000000
951 1 51.627588 40.707295 -0.000000 -0.000000 0.700000 0.000000
952 2 11.385868 12.131594 0.000000 -0.000000 0.500000 0.000000
953 1 5.709706 33.836840 0.000000 0.000000 0.700000 0.000000
954 2 46.957255 58.545161 -0.000000 0.000000 0.500000 0.000000
955 1 39.940585 6.748826 0.000000 0.000000 0.700000 0.000000
956 2 49.468004 42.594176 0.000000 0.000000 0.500000 0.000000
957 1 49.959739 29.996710 0.000000 -0.000000 0.700000 0.000000
958 2 2.689787 29.470423 -0.000000 -0.000000 0.500000 0.000000
959 1 4.870686 23.740981 -0.000000 0.000000 0.700000 0.000000
960 2 9.775765 53.233015 -0.000000 0.000000 0.500000 0.000000
961 1 33.271791 44.222865 -0.000000 -0.000000 0.700000 0.000000
962 2 7.615931 32.138312 0.000000 0.000000 0.500000 0.000000
963 1 48.438554 21.283320 -0.000000 0.000000 0.700000 0.000000
964 2 19.067738 14.979107 0.000000 0.000000 0.500000 0.000000
965 1 58.469489 18.967947 0.000000 -0.000000 0.700000 0.000000
966 2 29.178944 34.347528 0.000000 0.000000 0.500000 0.000000
967 1 9.727492 58.058036 0.000000 0.000000 0.700000 0.000000
968 2 45.626457 40.300001 0.000000 -0.000000 0.500000 0.000000
969 1 3.842957 33.199527 -0.000000 0.000000 0.700000 0.000000
970 2 25.075325 32.164569 0.000000 0.000000 0.500000 0.000000
971 1 0.851581 31.959046 0.000000 0.000000 0.700000 0.000000
972 2 50.113578 9.629114 -0.000000 -0.000000 0.500000 0.000000
973 1 27.900657 10.718620 -0.000000 0.000000 0.700000 0.000000
974 2 35.649005 48.280723 0.000000 -0.000000 0.500000 0.000000
975 1 21.371483 28.792011 0.000000 -0.000000 0.700000 0.000000
976 2 31.782229 32.524323 -0.000000 -0.000000 0.500000 0.000000
977 1 39.349261 36.792722 -0.000000 -0.000000 0.700000 0.000000
978 2 6.936410 17.936239 -0.000000 -0.000000 0.500000 0.000000
979 1 21.489072 6.501412 0.000000 0.000000 0.700000 0.000000
980 2 11.775741 44.254396 0.000000 0.000000 0.500000 0.000000
981 1 37.339297 37.139370 -0.000000 0.000000 0.700000 0.000000
982 2 34.834463 51.717395 -0.000000 -0.000000 0.500000 0.000000
983 1 26.097092 30.676491 0.000000 -0.000000 0.700000 0.000000
984 2 16.837902 38.664032 -0.000000 -0.000000 0.500000 0.000000
985 1 4.738985 36.055013 0.000000 -0.000000 0.700000 0.000000
986 2 2.710902 8.931670 0.000000 0.000000 0.500000 0.000000
987 1 54.030841 58.062760 -0.000000 -0.000000 0.700000 0.000000
988 2 16.348453 41.403018 0.000000 0.000000 0.500000 0.000000
989 1 43.928304 42.676881 0.000000 0.000000 0.700000 0.000000
990 2 46.440582 46.508075 0.000000 -0.000000 0.500000 0.000000
991 1 23.424308 51.285122 -0.000000 0.000000 0.700000 0.000000
992 2 3.666428 15.990425 -0.000000 0.000000 0.500000 0.000000
993 1 4.096048 43.765166 0.000000 -0.000000 0.700000 0.000000
994 2 45.170458 59.798768 0.000000 0.000000 0.500000 0.000000
995 1 26.632423 38.403734 0.000000 -0.000000 0.700000 0.000000
996 2 45.957915 33.607440 -0.000000 -0.000000 0.500000 0.000000
997 1 32.225725 31.412769 -0.000000 -0.000000 0.700000 0.000000
998 2 40.287354 42.163633 0.000000 0.000000 0.500000 0.000000
999 1 54.431279 26.373172 0.000000 -0.000000 0.700000 0.000000
1000 2 35.387289 49.532641 0.000000 0.000000 0.500000 0.000000
1001 1 18.624812 6.868602 -0.000000 -0.000000 0.700000 0.000000
1002 2 6.056815 7.874635 0.000000 -0.000000 0.500000 0.000000
1003 1 56.029832 37.485200 0.000000 -0.000000 0.700000 0.000000
1004 2 31.048041 39.858733 0.000000 -0.000000 0.500000 0.000000
1005 1 16.105839 55.106809 0.000000 0.000000 0.700000 0.000000
1006 2 45.413905 53.064460 -0.000000 0.000000 0.500000 0.000000
1007 1 57.930158 48.084949 -0.000000 0.000000 0.700000 0.000000
1008 2 25.646113 19.806290 0.000000 0.000000 0.500000 0.000000
1009 1 19.145832 24.277959 0.000000 0.000000 0.700000 0.000000
1010 2 48.123519 43.192857 0.000000 0.000000 0.500000 0.000000
1011 1 58.227589 4.692360 -0.000000 -0.000000 0.700000 0.000000
1012 2 9.507642 12.348726 0.000000 -0.000000 0.500000 0.000000
1013 1 22.851067 37.408926 -0.000000 -0.000000 0.700000 0.000000
1014 2 9.844485 13.846108 0.000000 -0.000000 0.500000 0.000000
1015 1 1.256365 41.175214 0.000000 -0.000000 0.700000 0.000000
1016 2 32.374566 30.225172 0.000000 -0.000000 0.500000 0.000000
1017 1 25.655749 36.042542 0.000000 -0.000000 0.700000 0.000000
1018 2 18.028396 40.299821 0.000000 -0.000000 0.500000 0.000000
1019 1 28.375393 14.125408 0.000000 0.000000 0.700000 0.000000
1020 2 36.866942 32.800491 -0.000000 -0.000000 0.500000 0.000000
1021 1 34.176695 35.298587 0.000000 0.000000 0.700000 0.000000
1022 2 13.978785 44.874279 -0.000000 -0.000000 0.500000 0.000000
1023 1 41.912798 24.661104 0.000000 -0.000000 0.700000 0.000000
1024 2 53.514529 49.969757 0.000000 -0.000000 0.500000 0.000000
1025 1 15.297317 32.308684 0.000000 -0.000000 0.700000 0.000000
1026 2 27.481890 37.326433 0.000000 0.000000 0.500000 0.000000
1027 1 55.891281 18.498163 -0.000000 -0.000000 0.700000 0.000000
1028 2 43.007151 1.566992 -0.000000 0.000000 0.500000 0.000000
1029 1 12.073606 8.172683 0.000000 -0.000000 0.700000 0.000000
1030 2 29.718654 25.704984 0.000000 -0.000000 0.500000 0.000000
1031 1 58.169838 3.076484 0.000000 -0.000000 0.700000 0.000000
1032 2 16.596144 40.088827 -0.000000 0.000000 0.500000 0.000000
1033 1 17.315281 56.093875 0.000000 -0.000000 0.700000 0.000000
1034 2 16.616660 6.775002 -0.000000 -0.000000 0.500000 0.000000
1035 1 21.621220 18.974268 -0.000000 -0.000000 0.700000 0.000000
1036 2 2.397213 5.842413 -0.000000 0.000000 0.500000 0.000000
1037 1 13.685261 34.568342 0.000000 0.000000 0.700000 0.000000
1038 2 37.274163 20.323723 0.000000 0.000000 0.500000 0.000000
1039 1 40.204844 52.284007 0.000000 -0.000000 0.700000 0.000000
1040 2 26.338065 50.383929 0.000000 0.000000 0.500000 0.000000
1041 1 22.581890 38.777942 0.000000 -0.000000 0.700000 0.000000
1042 2 33.122444 34.477948 -0.000000 0.000000 0.500000 0.000000
1043 1 49.589012 48.091859 0.000000 -0.000000 0.700000 0.000000
1044 2 33.584156 2.177171 -0.000000 -0.000000 0.500000 0.000000
1045 1 59.098911 24.254437 0.000000 0.000000 0.700000 0.000000
1046 2 53.204598 15.906508 0.000000 0.000000 0.500000 0.000000
1047 1 32.969586 32.688919 -0.000000 0.000000 0.700000 0.000000
1048 2 33.935639 33.395687 0.000000 0.000000 0.500000 0.000000
1049 1 10.339093 23.066769 0.000000 0.000000 0.700000 0.000000
1050 2 55.562850 15.951630 0.000000 0.000000 0.500000 0.000000
1051 1 46.768242 3.411994 0.000000 0.000000 0.700000 0.000000
1052 2 49.072653 15.604246 0.000000 -0.000000 0.500000 0.000000
1053 1 52.813317 14.060738 0.000000 -0.000000 0.700000 0.000000
1054 2 47.111475 53.675463 0.000000 -0.000000 0.500000 0.000000
1055 1 26.050788 51.548869 -0.000000 0.000000 0.700000 0.000000
1056 2 6.087029 49.823222 -0.000000 0.000000 0.500000 0.000000
1057 1 23.268685 21.219476 -0.000000 -0.000000 0.700000 0.000000
1058 2 36.420602 38.096959 0.000000 -0.000000 0.500000 0.000000
1059 1 5.643001 45.355809 -0.000000 -0.000000 0.700000 0.000000
1060 2 51.268950 28.319826 -0.000000 -0.000000 0.500000 0.000000
1061 1 18.969105 39.003319 0.000000 0.000000 0.700000 0.000000
1062 2 19.428900 0.855629 0.000000 -0.000000 0.500000 0.000000
1063 1 7.904753 12.783175 -0.000000 -0.000000 0.700000 0.000000
1064 2 45.372732 4.867192 0.000000 -0.000000 0.500000 0.000000
1065 1 41.747952 7.873051 0.000000 0.000000 0.700000 0.000000
1066 2 28.217591 11.989538 0.000000 -0.000000 0.500000 0.000000
1067 1 42.841746 53.427958 -0.000000 0.000000 0.700000 0.000000
1068 2 0.011297 9.191447 0.000000 -0.000000 0.500000 0.000000
1069 1 55.512724 40.726134 0.000000 0.000000 0.700000 0.000000
1070 2 36.200026 2.010501 0.000000 0.000000 0.500000 0.000000
1071 1 55.830217 29.934158 -0.000000 0.000000 0.700000 0.000000
1072 2 29.835945 59.598984 -0.000000 -0.000000 0.500000 0.000000
1073 1 11.071616 47.569027 -0.000000 -0.000000 0.700000 0.000000
1074 2 28.274456 56.693792 0.000000 0.000000 0.500000 0.000000
1075 1 56.938904 15.697224 0.000000 -0.000000 0.700000 0.000000
1076 2 59.571731 20.815878 0.000000 -0.000000 0.500000 0.000000
1077 1 47.958823 8.458948 -0.000000 0.000000 0.700000 0.000000
1078 2 59.174713 2.421607 0.000000 0.000000 0.500000 0.000000
1079 1 18.930696 48.794377 -0.000000 0.000000 0.700000 0.000000
